(14186.9, -19981, -32445.9)
(25459.7, -31883.3, -5419.44)
(12518.4, 42565.1, 7053.49)
(33308.2, -2594.25, 31648.8)
(-3857.74, 32.3781, -39419.8)
(39810.6, -10753.4, 5667.9)
(38759.5, 34261.4, 3022.16)
(-35864.5, -26258.5, -22332.3)
(-4583.15, 10715, -14224.1)
(2192.38, -35705.7, 35679)
(-15227.6, 43179.4, 9517.8)
(41841.1, 10678.6, -11650.8)
(-38224.6, -3197.04, 26848.9)
(2574.56, -40834.5, -18412.4)
(16798, -5793.5, -9038.89)
(13256.6, 16273, 34900.7)
(-29495.8, -64.1403, -19420.9)
(-12378, -26117.5, -36814.8)
(-37661.8, -20000.1, 4627.77)
(39380.9, -14812.6, -22000.5)
(5430.68, -7109.21, 15720.7)
(6057.28, 25909, -37852.4)
(24238.2, 5870.66, -32813.2)
(-8650.44, -16703, -11281.9)
(-30105.5, 22338.5, 20213.9)
(-8836.63, 32751.6, 34541.5)
(-20807, 21617.4, -33842.1)
(8819.45, -9852.39, 42820.2)
(-12357.1, 5155.86, 32997.5)
(-17422.4, -20854.1, 23663.7)
(-5212.98, 38443.4, -15815.3)
(-1378.96, 19560.2, 11676.8)
(-19783.1, 641.775, 6571.25)
(1744.56, -33518.8, 8255.38)
(24375.7, -26667.4, 21931.2)
(18730.6, 25103.7, -13480.7)
(-21289.2, -40541.4, -4003.97)
(24862.8, 12068.4, 10240.3)
(-27482.4, 24635.8, -7105.14)
(-46182.5, 6355.93, 1882.92)
